3.466292062585943357e-02
6.977528000899245464e-02
7.213483053897873365e-02
1.380898875152964389e-01
2.191011238989702681e-01
1.996629211130771797e-01
1.812921347556991636e-01
2.482022466242648218e-01
2.687078652840652060e-01
3.191573040957531027e-01
2.722471907651156653e-01
3.865168549622712280e-01
4.379775267973374797e-01
2.773033706994538772e-01
4.457865153135878167e-01
3.538202254331848651e-01
3.524719111286522266e-01
4.085393254592847301e-01
4.563483131651798197e-01
4.608988765250430775e-01
5.184269650431161391e-01
5.892696648501278833e-01
5.085393256518278005e-01
5.278089888645022265e-01
5.561797770389010909e-01
5.539325855756074279e-01
6.032584309577941895e-01
6.085955084542210569e-01
6.188764097482970516e-01
5.679775307352623592e-01
6.187078693274701280e-01
6.341011273057273190e-01
6.456179833981428029e-01
6.582022509380672792e-01
6.718539384643683610e-01
6.612359597609284156e-01
6.233707919214548365e-01
6.714606802450137080e-01
6.946629255675198511e-01
6.317415780733141029e-01
6.696067459965020507e-01
7.211235977625578553e-01
7.256741600759913924e-01
6.444382079029351562e-01
6.517415776681364514e-01
7.320786533730753165e-01
7.415730327032925562e-01
6.954494432619447997e-01
7.364044941208335304e-01
7.128089902441153702e-01
7.411797759907968741e-01
7.541011245398039353e-01
7.599999991695532975e-01
7.376404497563169294e-01
7.516292127665509248e-01
7.636516837591535989e-01
7.435393256417820451e-01
7.664044931363523938e-01
7.427528080310714653e-01
6.803370828876335041e-01
7.518539321556519939e-01
7.382584292902035772e-01
7.812359517209985782e-01
7.575842697968643291e-01
7.784269626220959859e-01
6.857303393523345170e-01
7.259550581822235005e-01
7.492696619435642580e-01
7.809550532799088840e-01
7.591573020045676579e-01
8.030337028289109558e-01
7.903370758455791067e-01
7.557303363017822129e-01
7.845505576455191754e-01
7.780337054073140912e-01
8.049438155434104347e-01
7.883146025156706482e-01
8.098314566893524136e-01
8.092696577980277306e-01
8.024157267273142047e-01
8.199438163068857310e-01
8.352247138371627910e-01
8.236516796136170715e-01
7.466292133492030691e-01
8.170224670948607049e-01
8.152808952197599934e-01
8.212359494037841934e-01
8.114044892319133284e-01
8.188202208682392458e-01
7.985393222463265106e-01
8.588763996121588917e-01
8.547752765792139273e-01
8.306179721368832647e-01
8.350561741697654083e-01
8.207865117975835512e-01
8.599999955530917006e-01
8.513483097044269865e-01
8.462359493368127872e-01
8.376966247732720028e-01
8.309550502996766452e-01
8.332022415118270908e-01
8.576966239495223965e-01
8.204494329650749984e-01
8.660674113570974164e-01
8.321348251251692307e-01
8.632584219233373490e-01
8.627528052651480817e-01
8.484269625015472549e-01
8.517415657472074964e-01
8.776404444086417511e-01
8.484831420558222037e-01
8.460674088322714947e-01
8.546067364095302210e-01
8.568539284588245764e-01
8.926966260658221186e-01
8.582022422819994834e-01
8.343820181790362334e-01
8.628089839822790097e-01
8.676404450716597161e-01
8.646629176447900855e-01
8.668539251169461446e-01
8.868539289812024107e-01
8.912921303443694931e-01
8.789325800169719427e-01
8.722471882787983244e-01
8.371348257145184713e-01
8.747752772623234030e-01
8.717977481611659529e-01
8.544381972444191620e-01
8.965168493182471554e-01
8.841572996605647772e-01
8.979775250962610533e-01
8.688763989491409268e-01
8.956179724315579405e-01
8.473033645514691514e-01
8.683146002252449813e-01
8.623595460412207814e-01
8.807303311114900168e-01
8.923595457264547059e-01
8.640449391991904537e-01
8.656179727463240159e-01
8.639887576357702104e-01
8.625842654303218504e-01
8.906179733490675599e-01
8.883145994014953750e-01
8.680337041281582788e-01
9.100561773174264957e-01
8.843258368165305416e-01
8.796629172362638860e-01
8.982022434807894751e-01
8.619662863150071574e-01
9.000561759712990550e-01
8.811797705594073271e-01
8.958426926578029192e-01
8.923033670093236669e-01
8.269662870449966396e-01
8.905056132359451260e-01
8.646629169750749133e-01
8.917415686202853076e-01
9.024719058462743471e-01
8.905056129010875399e-01
8.833707813801390252e-01
8.859550502527965277e-01
9.065168498272306863e-01
8.952247152167759348e-01
8.905056134033738635e-01
8.576966246192374577e-01
8.929775223303376697e-01
8.754494332530525780e-01
8.715168498875049963e-01
9.072471872139512561e-01
9.073595483316464483e-01
9.053932545560129386e-01
8.661235912462298403e-01
8.983707821436142105e-01
9.149438169565093926e-01
8.973033650872412892e-01
9.191011195437291947e-01
9.113483100794674829e-01
9.116853897491198344e-01
8.925280845567081789e-01
9.108988721384091436e-01
9.035955009500632462e-01
8.777528035171916487e-01
9.130898854705724599e-01
9.063483096575468689e-01
8.671348272414689529e-01
8.773595464698383806e-01
9.092696592044294812e-01
8.719101072697157395e-01
9.184831436095612922e-01
8.899438166886233237e-01
9.080898835417929860e-01
8.937640411130497453e-01
9.170224681664048694e-01
8.986516810869902283e-01
8.161235925521743706e-01
9.157303349020775585e-01
9.212359513124722676e-01
8.611235898197366900e-01
9.047752781195587124e-01
9.085955005348398394e-01
9.105056159281998962e-01
9.092134809895847658e-01
8.560112292846936421e-01
8.711235903287202209e-01
9.024719058462743471e-01
9.221348285340191797e-01
9.215730321541261150e-01
9.059550531124800354e-01
9.076404454333059091e-01
9.074157257093472539e-01
9.248876364043588927e-01
9.160112333431672527e-01
9.093820204895534109e-01
9.226966267556286905e-01
8.979775240916884060e-01
9.267415678902958254e-01
9.106741540887383080e-01
9.230898854772696671e-01
9.100561751408523525e-01
8.965730297096660140e-01
8.856741529837083293e-01
9.282022438357385719e-01
9.102808941950958355e-01
8.842134790474109884e-01
9.024157254548554885e-01
9.155617938952499424e-01
9.132022427374058005e-01
9.252808959631437791e-01
9.135393237464883853e-01
9.175842672251584009e-01
9.178089842702565893e-01
9.134831426853544656e-01
9.071348281054014695e-01
9.031460633438624930e-01
9.203370761000708722e-01
9.062359520558560533e-01
9.101685345842597252e-01
9.109550528646854772e-01
9.238764004091198911e-01
9.253932540671209184e-01
9.342134789134679540e-01
9.238764002416910426e-01
8.481460615490259425e-01
9.091573002633084322e-01
9.245505587438519468e-01
9.147190973999794750e-01
9.285393228356757511e-01
9.135955027984768995e-01
9.306741541021326114e-01
9.073033674379412661e-01
9.341573005311945010e-01
9.148314563411005240e-01
9.178651648291041854e-01
9.247190980763917434e-01
8.882584226935097416e-01
9.281460656208938564e-01
9.175842648811554092e-01
9.026404458485292048e-01
9.307303346609800965e-01
9.291011207224277868e-01
9.296629191114661461e-01
9.319101091516152069e-01
9.280337053403425740e-01
9.330337037531177824e-01
9.307865127083960743e-01
9.210112337650877556e-01
9.273595470056105183e-01
9.265730307343300609e-01
9.258426933476094911e-01
9.231460641944007062e-01
9.205617938148841217e-01
9.327528058143144118e-01
9.223595469185476015e-01
8.993258405937237798e-01
9.258988725670268538e-01
9.412359519955817433e-01
9.221910077534364314e-01
9.088202209285135558e-01
9.345505584156914569e-01
9.130337044094385401e-01
9.320786504933004091e-01
9.283146044511473294e-01
9.247190974066766822e-01
9.223595459139748431e-01
9.414044945092683303e-01
9.320786493212989132e-01
9.369662894626681338e-01
9.380898842315995578e-01
9.405617938282784252e-01
9.286516812745104765e-01
9.075842672184611937e-01
9.399999984529581187e-01
9.129775240180197926e-01
9.280337048380562504e-01
9.256179758002248681e-01
9.290449411681528380e-01
9.233707832486441891e-01
9.247190977415341573e-01
9.324719065360809189e-01
9.342696606443169349e-01
9.301685349325116148e-01
9.367415705758533884e-01
9.351123568047298162e-01
9.269101099016960887e-01
9.004494328512234746e-01
9.101685357562611101e-01
9.279775237769223306e-01
9.286516817767968002e-01
9.276966271775491935e-01
9.281460654534651189e-01
9.288764015007554553e-01
9.175280858291668951e-01
9.414606725566843082e-01
9.341573010334808247e-01
9.001123558604315900e-01
9.237078619137238933e-01
9.295505596680587734e-01
9.379213475779201170e-01
9.305617956632978860e-01
9.285955018876643763e-01
9.139887608504027039e-01
9.102808941950958355e-01
9.361235924651113427e-01
9.048876370606797614e-01
9.086516809262586980e-01
9.257865151327647757e-01
9.202247166566634995e-01
9.213483119278811362e-01
9.234831431943378854e-01
9.319101086493288832e-01
9.411235937241757554e-01
9.430898851558063845e-01
9.434831448820200084e-01
9.378651650099272263e-01
9.395505588376120709e-01
9.215730306472671440e-01
9.364044924130600078e-01
9.229775238572881513e-01
8.598876349376828321e-01
9.384831431206692720e-01
9.170786477206798182e-01
9.035393222329322072e-01
9.094943787609592878e-01
9.366292111324460157e-01
9.332584271605095516e-01
9.389325817314426725e-01
9.195505581545025953e-01
9.325280875972147276e-01
9.352808974766999572e-01
9.255617947390909483e-01
9.388202237948942708e-01
8.933146008279886363e-01
9.353370768635460575e-01
9.261235934629868938e-01
9.449999978703059744e-01
9.453370763679568300e-01
9.303932558284716547e-01
9.268539296777060787e-01
9.228089845247482437e-01
9.382584244012832642e-01
9.270224696799610475e-01
9.302808958827779584e-01
8.833707818824253488e-01
9.243258400244659390e-01
9.401685361112102068e-01
9.287640418899193451e-01
8.820786474460966531e-01
9.057865144496553000e-01
9.285393240076772470e-01
9.398876381724068363e-01
9.298314581091484676e-01
9.420786513371414150e-01
9.393258411227987104e-01
9.375280890237079889e-01
9.458426957050066752e-01
9.441573040538959738e-01
9.201685360978159034e-01
9.298314576068621440e-01
9.323033683755425072e-01
9.235955031400315818e-01
9.114606695228748556e-01
9.306741542695613489e-01
9.414606720543978735e-01
9.305617954958690374e-01
9.288202224487669412e-01
9.426404490564646022e-01
9.469101109196630395e-01
9.428089865472879527e-01
9.356741551937681756e-01
9.444943802075439487e-01
9.477528075823623555e-01
9.323033670361122738e-01
9.358426950285944068e-01
9.365168515216099054e-01
9.411235943938909276e-01
9.293258387720986224e-01
9.389887622902902686e-01
9.339887610312258559e-01
9.192696600482704872e-01
9.277528065643952937e-01
9.231460655338308285e-01
9.059550524427649743e-01
9.324719073732247177e-01
9.321910087647062859e-01
9.444943800401152112e-01
9.476404471343822244e-01
9.273033672839068320e-01
9.097752761974763347e-01
9.237640414679988421e-01
9.274719072861618008e-01
9.429775257123990118e-01
9.424157294999347956e-01
9.431460657146539805e-01
9.365168501821796720e-01
9.523595479432116484e-01
9.342134805877556625e-01
9.478651668583408796e-01
9.408426939436559389e-01
9.399999977832429465e-01
9.338202230381161817e-01
9.265168521846278704e-01
9.364044912410586230e-01
9.407865150590960512e-01
9.227528037984719100e-01
9.319101099887591166e-01
9.303370754370529072e-01
9.335955026444424654e-01
9.462921333112074285e-01
9.520224711198485013e-01
9.433146027031908964e-01
9.438202218728118931e-01
9.464044940940449235e-01
9.231460662035460008e-01
8.698314555575338280e-01
9.452247170919783059e-01
9.455617959244867476e-01
9.307865155546852787e-01
9.318539294299115205e-01
9.402247183443455114e-01
9.445505595943900490e-01
9.417415704954875677e-01
9.434831442123048362e-01
9.388202217857489762e-01
9.266292094514611000e-01
9.396629187833057673e-01
9.394381997290621733e-01
9.336516843752914463e-01
9.262359515669640331e-01
9.328089870428770691e-01
9.313483119345782324e-01
9.440449417641992857e-01
9.361235948091142234e-01
9.206741535931490805e-01
9.338764017552472207e-01
9.358426935217353249e-01
9.073595478293601246e-01
9.369662902998120435e-01
9.482584262496969174e-01
9.540449424406115542e-01
9.506179759006821994e-01
9.478651671931984657e-01
9.237078607417223974e-01
9.366853900170057923e-01
9.438764025990882267e-01
9.253932550716935657e-01
9.229213453075858498e-01
9.268539293428484926e-01
9.443258407075753036e-01
9.457865143090151694e-01
9.275842665621404359e-01
9.306179760547166335e-01
9.406179747219836074e-01
9.362921311279360781e-01
9.302808958827779584e-01
9.402808967266189644e-01
9.406179758939849922e-01
9.502808965658873230e-01
9.448314583703373293e-01
9.441573027144657404e-01
9.396629192855920909e-01
9.419662910565901326e-01
9.407865152265248998e-01
9.275842672318554971e-01
9.509550555703345509e-01
9.464044937591874485e-01
9.419662903868750714e-01
9.391011213988400552e-01
9.467977508065406056e-01
9.522471893369481855e-01
9.463483128654822663e-01
9.274157268947429422e-01
9.494382009077607654e-01
9.408988750047897476e-01
9.449999980377347120e-01
9.352247177549962709e-01
9.444381999835539387e-01
9.539325843366344149e-01
9.445505592595325739e-01
9.514044948508230126e-01
