2.149929199218750000e+02
1.586576385498046875e+02
1.474120178222656250e+02
1.466520538330078125e+02
1.254217376708984375e+02
1.318124847412109375e+02
1.104953613281250000e+02
1.102114791870117188e+02
1.055618057250976562e+02
9.488466644287109375e+01
9.564633178710937500e+01
8.296120452880859375e+01
7.241905975341796875e+01
9.400039672851562500e+01
7.687535095214843750e+01
9.082244110107421875e+01
8.062068939208984375e+01
9.205606842041015625e+01
7.568721771240234375e+01
7.738345336914062500e+01
7.532954406738281250e+01
6.325206756591796875e+01
5.826762390136718750e+01
8.014372253417968750e+01
5.950243377685546875e+01
4.810848999023437500e+01
4.842958831787109375e+01
5.915687561035156250e+01
5.058388137817382812e+01
5.505149841308593750e+01
4.651475143432617188e+01
4.902051544189453125e+01
3.995634841918945312e+01
5.139412307739257812e+01
3.391385269165039062e+01
3.932339096069335938e+01
3.464547348022460938e+01
3.658907318115234375e+01
4.045457839965820312e+01
3.284027481079101562e+01
4.101367568969726562e+01
2.754949569702148438e+01
4.566759872436523438e+01
4.888655090332031250e+01
4.797431182861328125e+01
3.997858047485351562e+01
4.015990829467773438e+01
3.630496978759765625e+01
4.514626312255859375e+01
4.817577362060546875e+01
3.489557647705078125e+01
3.077892303466796875e+01
3.092494392395019531e+01
3.703111267089843750e+01
3.714429092407226562e+01
3.187373352050781250e+01
3.559586334228515625e+01
3.432112121582031250e+01
3.220658111572265625e+01
4.396144485473632812e+01
3.638107299804687500e+01
4.101066589355468750e+01
2.489079666137695312e+01
3.662918472290039062e+01
3.138297653198242188e+01
3.002499580383300781e+01
3.965064620971679688e+01
4.791782379150390625e+01
2.898561859130859375e+01
4.051044845581054688e+01
2.298575592041015625e+01
2.828677749633789062e+01
3.354176712036132812e+01
3.340393066406250000e+01
3.580101776123046875e+01
2.730111694335937500e+01
3.162690353393554688e+01
2.304615592956542969e+01
2.832730102539062500e+01
2.029450798034667969e+01
3.588830566406250000e+01
3.005701446533203125e+01
2.343960762023925781e+01
3.710054397583007812e+01
2.066502761840820312e+01
2.544714355468750000e+01
3.255187225341796875e+01
3.225861740112304688e+01
2.514458465576171875e+01
1.638195037841796875e+01
1.953838920593261719e+01
1.847052001953125000e+01
2.356148529052734375e+01
1.959954261779785156e+01
2.963609504699707031e+01
3.090928649902343750e+01
2.522806358337402344e+01
1.904627418518066406e+01
2.249825286865234375e+01
1.715665817260742188e+01
2.348539543151855469e+01
2.061902809143066406e+01
2.916012573242187500e+01
1.948442077636718750e+01
2.796563720703125000e+01
2.462202072143554688e+01
2.900964164733886719e+01
3.206718063354492188e+01
2.982257843017578125e+01
2.117700195312500000e+01
1.892018508911132812e+01
1.915732765197753906e+01
2.330591201782226562e+01
1.734603500366210938e+01
1.638159561157226562e+01
2.339718246459960938e+01
1.866067886352539062e+01
2.162374496459960938e+01
1.737997627258300781e+01
1.392689704895019531e+01
2.900575256347656250e+01
8.332305908203125000e+00
1.824799156188964844e+01
1.149099636077880859e+01
2.588245010375976562e+01
3.482768249511718750e+01
1.457514190673828125e+01
1.843268394470214844e+01
2.414146423339843750e+01
1.736191177368164062e+01
1.716740798950195312e+01
2.432585334777832031e+01
2.289118003845214844e+01
1.546761322021484375e+01
1.688634681701660156e+01
1.886304283142089844e+01
2.223071098327636719e+01
1.052564907073974609e+01
1.390822982788085938e+01
1.499480819702148438e+01
2.166698646545410156e+01
1.636040878295898438e+01
2.078621292114257812e+01
1.202815723419189453e+01
2.713906860351562500e+01
2.076598739624023438e+01
1.524438095092773438e+01
9.726650238037109375e+00
1.534560966491699219e+01
1.114793395996093750e+01
1.651969146728515625e+01
8.279593467712402344e+00
2.279280281066894531e+01
1.062804508209228516e+01
6.785504341125488281e+00
1.586751556396484375e+01
2.178512954711914062e+01
2.678485488891601562e+01
1.985387992858886719e+01
9.527012825012207031e+00
1.075116825103759766e+01
1.928252601623535156e+01
1.975098800659179688e+01
1.922750663757324219e+01
1.186418056488037109e+01
2.200539970397949219e+01
1.829917335510253906e+01
8.891927719116210938e+00
1.299854850769042969e+01
2.252046966552734375e+01
9.278230667114257812e+00
1.611449050903320312e+01
1.022405338287353516e+01
1.233878135681152344e+01
1.518735408782958984e+01
1.327201938629150391e+01
1.811346626281738281e+01
1.043411064147949219e+01
1.324738788604736328e+01
8.593537330627441406e+00
1.279061126708984375e+01
1.388245773315429688e+01
1.060110855102539062e+01
9.419305801391601562e+00
1.071705722808837891e+01
1.298379230499267578e+01
1.505265426635742188e+01
9.134828567504882812e+00
1.156152057647705078e+01
1.762449455261230469e+01
1.974559402465820312e+01
1.227770519256591797e+01
1.319588375091552734e+01
1.396987056732177734e+01
1.500414848327636719e+01
1.364529609680175781e+01
1.407127475738525391e+01
2.044355010986328125e+01
1.110932254791259766e+01
2.778376770019531250e+01
9.360677719116210938e+00
1.061242294311523438e+01
1.727768135070800781e+01
2.049678802490234375e+01
1.115507698059082031e+01
2.028770256042480469e+01
1.754710197448730469e+01
1.319940090179443359e+01
1.283045768737792969e+01
1.169834136962890625e+01
1.004669380187988281e+01
7.951228141784667969e+00
7.826275825500488281e+00
1.747530364990234375e+01
1.750202178955078125e+01
1.379802513122558594e+01
1.037954902648925781e+01
8.642655372619628906e+00
8.839675903320312500e+00
6.491447448730468750e+00
1.253597259521484375e+01
1.222483253479003906e+01
9.739603042602539062e+00
1.059263038635253906e+01
1.032135581970214844e+01
1.641481781005859375e+01
9.298055648803710938e+00
9.464956283569335938e+00
9.311223983764648438e+00
1.055025863647460938e+01
9.861778259277343750e+00
8.693002700805664062e+00
1.351205730438232422e+01
1.037878036499023438e+01
7.376582145690917969e+00
1.323460960388183594e+01
9.419425964355468750e+00
1.019304275512695312e+01
1.044290351867675781e+01
1.174924564361572266e+01
8.431589126586914062e+00
9.564636230468750000e+00
8.962459564208984375e+00
8.951619148254394531e+00
1.984219169616699219e+01
8.158552169799804688e+00
1.121848678588867188e+01
1.164845275878906250e+01
2.195841789245605469e+01
1.240902614593505859e+01
1.012807655334472656e+01
1.563997650146484375e+01
9.897081375122070312e+00
1.231742286682128906e+01
5.960309028625488281e+00
8.151968955993652344e+00
9.334974288940429688e+00
7.664224624633789062e+00
1.185877418518066406e+01
1.138350963592529297e+01
8.402709960937500000e+00
1.063745307922363281e+01
1.643280792236328125e+01
1.241477489471435547e+01
1.115300559997558594e+01
6.622111320495605469e+00
1.028378295898437500e+01
1.239866256713867188e+01
8.710746765136718750e+00
7.859150886535644531e+00
8.304826736450195312e+00
1.283278083801269531e+01
6.761847019195556641e+00
1.007625961303710938e+01
6.884997367858886719e+00
2.050094985961914062e+01
5.593238353729248047e+00
5.896485328674316406e+00
1.066034698486328125e+01
1.001292800903320312e+01
1.430021476745605469e+01
1.056867218017578125e+01
6.299397468566894531e+00
6.013924598693847656e+00
1.315971946716308594e+01
7.748456954956054688e+00
6.590012073516845703e+00
7.302542686462402344e+00
8.162485122680664062e+00
6.942870616912841797e+00
6.310642242431640625e+00
1.078551864624023438e+01
1.698986244201660156e+01
6.853528022766113281e+00
1.305123519897460938e+01
5.918691635131835938e+00
6.284563064575195312e+00
7.638908386230468750e+00
1.189334106445312500e+01
9.481852531433105469e+00
1.000409698486328125e+01
9.696830749511718750e+00
6.328704833984375000e+00
1.521255970001220703e+01
1.134770584106445312e+01
5.227017879486083984e+00
7.457640647888183594e+00
1.608267974853515625e+01
7.140110015869140625e+00
9.854923248291015625e+00
6.545574188232421875e+00
1.171903896331787109e+01
7.999364376068115234e+00
9.669094085693359375e+00
5.190059185028076172e+00
5.400887966156005859e+00
1.520877456665039062e+01
6.735837936401367188e+00
1.221870613098144531e+01
7.537813186645507812e+00
7.825175762176513672e+00
1.035525703430175781e+01
7.244613647460937500e+00
1.070250892639160156e+01
6.207361698150634766e+00
1.525255584716796875e+01
9.546567916870117188e+00
9.534485816955566406e+00
9.900701522827148438e+00
9.830503463745117188e+00
8.442636489868164062e+00
1.589979743957519531e+01
8.488282203674316406e+00
8.347686767578125000e+00
7.334338188171386719e+00
5.679650306701660156e+00
5.095924377441406250e+00
1.673718261718750000e+01
1.320585823059082031e+01
1.593828201293945312e+01
1.916217422485351562e+01
5.962169170379638672e+00
7.467348575592041016e+00
1.187619018554687500e+01
1.081447601318359375e+01
6.027969360351562500e+00
1.151261901855468750e+01
6.520068168640136719e+00
9.520505905151367188e+00
5.201923847198486328e+00
7.473174095153808594e+00
1.036198997497558594e+01
6.552305698394775391e+00
7.752840995788574219e+00
9.177615165710449219e+00
8.728645324707031250e+00
9.012619018554687500e+00
6.798643112182617188e+00
5.289443492889404297e+00
5.803605079650878906e+00
8.167728424072265625e+00
6.163991451263427734e+00
6.853166580200195312e+00
1.382303237915039062e+01
8.652072906494140625e+00
5.108800888061523438e+00
6.149837493896484375e+00
1.154051303863525391e+01
8.022519111633300781e+00
7.602017879486083984e+00
1.137860393524169922e+01
6.701944351196289062e+00
4.714274406433105469e+00
1.063687515258789062e+01
8.612615585327148438e+00
7.139801025390625000e+00
4.939667224884033203e+00
8.021945953369140625e+00
1.443386363983154297e+01
7.655269622802734375e+00
9.314161300659179688e+00
1.212085247039794922e+01
7.280522346496582031e+00
9.014974594116210938e+00
1.174140262603759766e+01
8.545789718627929688e+00
6.633931159973144531e+00
5.529137611389160156e+00
5.701658248901367188e+00
8.796697616577148438e+00
9.356002807617187500e+00
4.593855857849121094e+00
1.009284019470214844e+01
1.134397125244140625e+01
1.043917274475097656e+01
7.332325935363769531e+00
6.410590171813964844e+00
6.291797161102294922e+00
6.955538749694824219e+00
7.190035820007324219e+00
9.884860992431640625e+00
9.370759963989257812e+00
6.256131172180175781e+00
2.051378250122070312e+01
8.217443466186523438e+00
1.028854370117187500e+01
6.689602851867675781e+00
1.035780715942382812e+01
5.758102893829345703e+00
1.492158699035644531e+01
5.489233493804931641e+00
7.970509529113769531e+00
1.045016479492187500e+01
8.239370346069335938e+00
9.014823913574218750e+00
9.169044494628906250e+00
9.217277526855468750e+00
6.272402763366699219e+00
1.089831066131591797e+01
6.220978736877441406e+00
7.941576480865478516e+00
9.836093902587890625e+00
6.831610202789306641e+00
9.364046096801757812e+00
7.187864303588867188e+00
1.146417713165283203e+01
8.434614181518554688e+00
8.126007080078125000e+00
7.533802509307861328e+00
7.450582981109619141e+00
7.288859367370605469e+00
6.416198730468750000e+00
8.471467018127441406e+00
8.089724540710449219e+00
8.833237648010253906e+00
2.261853408813476562e+01
6.937336444854736328e+00
8.795801162719726562e+00
6.632054805755615234e+00
8.812783241271972656e+00
6.901405334472656250e+00
6.078099250793457031e+00
7.393477439880371094e+00
8.929794311523437500e+00
5.051312446594238281e+00
1.408888244628906250e+01
8.346741676330566406e+00
6.144943237304687500e+00
7.883300304412841797e+00
5.294116497039794922e+00
1.080402946472167969e+01
5.215405464172363281e+00
5.871861934661865234e+00
5.454631805419921875e+00
1.477727794647216797e+01
9.751565933227539062e+00
1.225354290008544922e+01
8.032669067382812500e+00
7.167556285858154297e+00
9.859312057495117188e+00
5.492980480194091797e+00
1.007757282257080078e+01
5.165617465972900391e+00
7.723871707916259766e+00
6.788444519042968750e+00
7.938871383666992188e+00
7.184222221374511719e+00
5.717703342437744141e+00
1.112178993225097656e+01
5.106692790985107422e+00
7.764826774597167969e+00
6.456939220428466797e+00
1.049184417724609375e+01
7.144999504089355469e+00
9.097007751464843750e+00
7.056078910827636719e+00
1.833984184265136719e+01
4.994114875793457031e+00
7.646280288696289062e+00
5.413111209869384766e+00
1.047609519958496094e+01
5.153108596801757812e+00
8.544994354248046875e+00
5.876995086669921875e+00
7.297057151794433594e+00
5.626412391662597656e+00
7.033773422241210938e+00
6.689174652099609375e+00
5.514412879943847656e+00
5.363317489624023438e+00
6.246123790740966797e+00
6.209615230560302734e+00
6.278020381927490234e+00
8.018869400024414062e+00
4.835018157958984375e+00
4.682267189025878906e+00
6.711827754974365234e+00
1.211158180236816406e+01
5.422611713409423828e+00
1.145096397399902344e+01
4.737467765808105469e+00
